[gd_scene load_steps=4 format=3 uid="uid://doihc6nb7aryj"]

[ext_resource type="PackedScene" uid="uid://6ymqtums830j" path="res://models/roomv2.blend" id="1_ejd2m"]

[sub_resource type="BoxShape3D" id="BoxShape3D_koi8o"]
size = Vector3(2, 6, 5)

[sub_resource type="BoxShape3D" id="BoxShape3D_grcqm"]
size = Vector3(2, 7, 1)

[node name="Room" type="Node3D"]
transform = Transform3D(0.834641, 0.42652, -0.348503, 0.469963, -0.221501, 0.854442, 0.287243, -0.876937, -0.385323, 0, 2, 0)

[node name="SpotLight3D" type="SpotLight3D" parent="."]
transform = Transform3D(0.834641, -0.287243, 0.469963, 0.42652, 0.876936, -0.221501, -0.348503, 0.385323, 0.854442, 0.469963, -0.221501, 0.854442)
light_color = Color(0.980392, 0.886275, 0.85098, 1)
light_energy = 1.066
light_indirect_energy = 2.967
shadow_enabled = true
spot_range = 9.0

[node name="roomv2" parent="." instance=ExtResource("1_ejd2m")]
transform = Transform3D(0.834641, 0.469963, 0.287243, 0.42652, -0.221501, -0.876936, -0.348503, 0.854442, -0.385323, -0.939926, 0.443002, -1.70888)

[node name="StaticBody3D2" type="StaticBody3D" parent="."]
transform = Transform3D(0.834641, 0.469963, 0.287243, 0.42652, -0.221501, -0.876936, -0.348503, 0.854442, -0.385323, -0.939926, 0.443002, -1.70888)

[node name="CollisionShape3D" type="CollisionShape3D" parent="StaticBody3D2"]
transform = Transform3D(1, 0, 0, 0, 1, 0, 0, 0, 1, 3, 0, 0)
shape = SubResource("BoxShape3D_koi8o")

[node name="StaticBody3D3" type="StaticBody3D" parent="."]
transform = Transform3D(0.834641, 0.469963, 0.287243, 0.42652, -0.221501, -0.876936, -0.348503, 0.854442, -0.385323, -0.939926, 0.443002, -1.70888)

[node name="CollisionShape3D" type="CollisionShape3D" parent="StaticBody3D3"]
transform = Transform3D(-4.37114e-08, 0, 1, 0, 1, 0, -1, 0, -4.37114e-08, 0, 0, -3)
shape = SubResource("BoxShape3D_koi8o")

[node name="StaticBody3D4" type="StaticBody3D" parent="."]
transform = Transform3D(0.834641, 0.469963, 0.287243, 0.42652, -0.221501, -0.876936, -0.348503, 0.854442, -0.385323, -0.939926, 0.443002, -1.70888)

[node name="CollisionShape3D" type="CollisionShape3D" parent="StaticBody3D4"]
transform = Transform3D(1, 0, 8.9407e-08, 0, 1, 0, -8.9407e-08, 0, 1, -3, 0, 0)
shape = SubResource("BoxShape3D_koi8o")

[node name="StaticBody3D5" type="StaticBody3D" parent="."]
transform = Transform3D(0.834641, 0.469963, 0.287243, 0.42652, -0.221501, -0.876936, -0.348503, 0.854442, -0.385323, -0.939926, 0.443002, -1.70888)

[node name="CollisionShape3D" type="CollisionShape3D" parent="StaticBody3D5"]
transform = Transform3D(1, 0, 8.9407e-08, 0, 1, 0, -8.9407e-08, 0, 1, -2, 0, 2)
shape = SubResource("BoxShape3D_grcqm")

[node name="StaticBody3D6" type="StaticBody3D" parent="."]
transform = Transform3D(0.834641, 0.469963, 0.287243, 0.42652, -0.221501, -0.876936, -0.348503, 0.854442, -0.385323, -0.939926, 0.443002, -1.70888)

[node name="CollisionShape3D" type="CollisionShape3D" parent="StaticBody3D6"]
transform = Transform3D(1, 0, 8.9407e-08, 0, 1, 0, -8.9407e-08, 0, 1, 2, 0, 2)
shape = SubResource("BoxShape3D_grcqm")
